506

19010
19011
19012
19013

19096
18834
18836
19401
19069
18835
18837

500
4

901
19041
4
516
503
515
19040
19061
4
512
504
511
19060
531

901
19041
4
516
503
515
19040
531

901
19041
4
516
503
515
19040
531

901
19041
4
516
503
515
19040
531

901 
19041 
4 
516 
503 
515 
19040
531

901 
19041 
4 
516 
503
515
19040
19061 
4 
512
504 
511 
19060
531

901
19061 
4 
512 
501 
511 
19060 
19051 
4 
514
502
513
19050
531

901 
19061 
4 
512 
501 
511 
19060 
19051 
4 
514
502 
513 
19050
531

901
19061 
4
512 
501 
511 
19060 
19051 
4
514 
502
513
19050
531

901
19061
4
512 
504 
511,
19060 
19051 
4
514
505
513
19050
531

901 
19061
4
512 
501 
511
19060 
19051 
4
514 
502
513 
19050
531

901 
19061 
4
512 
501 
511 
19060 
19051 
4
514 
502 
513 
19050
531

901 
19061 
4
512
501 
511 
19060 
19051 
4
514 
502 
513 
19050
531

901 
19061 
4
512 
504 
511 
19060 
19051 
4
514 
505 
513 
19050
531

901
506
4
1030