Funtion
500,
901,19041, 4, 503, 4, 513, 4, 19040, 4,
901,19041, 4, 503, 4, 513, 4, 19040, 4,
901,19041, 4, 503, 4, 513, 4, 19040, 4,
901,19041, 4, 503, 4, 513, 4, 19040, 4,
901,19041, 4, 503, 4, 513, 4, 19040, 4,
901,19041, 4, 503, 4, 513, 4, 19040, 4,
901,19051,19061, 4, 502, 501, 4, 512, 511, 4, 19050, 19060, 4,
901,19051,19061, 4, 502, 501, 4, 512, 511, 4, 19050, 19060, 4,
901,19051,19061, 4, 502, 501, 4, 512, 511, 4, 19050, 19060, 4,
901,19051,19061, 4, 502, 501, 4, 512, 511, 4, 19050, 19060, 4,
901,19051,19061, 4, 502, 501, 4, 512, 511, 4, 19050, 19060, 4,
901,19051,19061, 4, 502, 501, 4, 512, 511, 4, 19050, 19060, 4,
901,4,1030
X1
175000, 254070,333140,333140,254070, 175000,0,5400,89860,89860,5400,0
X2
335000,335000,335000,335000,335000,335000,0,73670,79070,79070,73670,0
Y
16000,16000,16000,20700,20700,20700,16000,16000,16000,20700,20700,20700
Rotation
0,180000
Offset X1
186850
Offset X2
0
Offset Y
0
SpeedX1
1000,1000,1000,1000,1000,1000,2000,2000,2000,2000,2000,2000,2000,2000,2000,2000,2000,2000,2000,2000,2000,2000,2000,2000
SpeedX2
2000,2000,2000,2000,2000,2000,2000,2000,2000,2000,2000,2000,2000,2000,2000,2000,2000,2000,2000,2000,2000,2000,2000,2000
SpeedY
200,200,200,200,200,200,200,200,200,200,200,200,200,200,200,200,200,200,200,200,200,200,200,200,200,200,200,200,200,200,200
SpeedR
5000


