X1
182310,262880,341950,341950,262880,182310,133180,54020,47560,98890,47910,54210,133680,98890,182310
X2
131450,334600,334600,334600,334600,131450,86860,81150,7890,131290,8300,81070,86970,131290,131450
Y
97450,97450,97450,157690,157690,157690,182330,182330,182330,157790,121930,121930,121930,97450,97450
Rotation
180000,0,0,0,0,0,0,0,0,0,0,0,0,0,0,0
SpeedX1
2880,2880,2880,2880,2880,2880,2160,2160,2160,2160,2160,2160,2160,2160,1440
SpeedX2
2880,2880,2880,2880,2880,2880,2160,2160,2160,2592,2160,2160,2160,2160,1440
SpeedY
1000,1000,1000,1000,1000,1000,800,800,800,800,800,800,800,800,800
SpeedR
200,200,200,200,200,200,200,200,200,200,200,200,200,200,200
Offset X1
-137330
Offset X2
0
Offset Y
17690
TimeDelay
100,300,20,200,200,200,200,200,200,200,20,200,20,200,20,200,20,200,20,200,20,200,20,300,20,0
